kinematics:
  shoulder:
    x: 0
    y: 0
    z: 0.1626279138190392
    roll: -0
    pitch: 0
    yaw: -5.688308972462419e-08
  upper_arm:
    x: 0.0001068448252746179
    y: 0
    z: 0
    roll: 1.569323586719241
    pitch: 0
    yaw: 1.424464933790198e-06
  forearm:
    x: -0.4255096479052826
    y: 0
    z: 0
    roll: 3.140934119691442
    pitch: 3.13890808414457
    yaw: 3.141591918627575
  wrist_1:
    x: -0.3926597169687893
    y: -0.0002208697612553685
    z: 0.1336057075509559
    roll: 0.001653144645538778
    pitch: -0.001729847671840267
    yaw: 1.152218688744776e-06
  wrist_2:
    x: 0.0001234091014964439
    y: -0.09976011385985253
    z: 5.77146188652925e-05
    roll: 1.570217792847879
    pitch: 0
    yaw: 1.070814396146591e-07
  wrist_3:
    x: -6.062347736019639e-05
    y: 0.09959966214171363
    z: -2.898089235480891e-05
    roll: 1.570505353001274
    pitch: 3.141592653589793
    yaw: 3.141592557350406
  hash: calib_14861226271552272855